IND_01 2 20.0 1 151.0 5 15.0 3 30.0 4 10.0
IND_02 4 10.0 1 10.0 3 10.0 2 152.0 5 10.0
IND_03 3 160.0 1 20.0 2 20.0 4 20.0 5 20.0
IND_04 2 10.0 3 10.0 1 10.0 4 180.0 5 10.0
IND_05 5 190.0 3 10.0 1 10.0 2 10.0 4 10.0
IND_06 3 10.0 5 10.0 4 10.0 2 155.0 1 155.0
IND_07 3 40.0 2 40.0 4 40.0 1 40.0 5 40.0
IND_08 4 10.0 2 10.0 3 10.0 5 10.0 1 170.0
IND_09 4 10.0 5 10.0 2 170.0 1 10.0 3 10.0
IND_10 2 10.0 1 10.0 3 170.0 4 10.0 5 10.0
IND_11 5 10.0 4 170.0 1 10.0 2 10.0 3 10.0
IND_12 1 10.0 3 10.0 5 170.0 4 10.0 2 10.0
IND_13 1 200.0 3 5.0 4 5.0 2 5.0 5 5.0
IND_14 2 200.0 5 5.0 4 5.0 1 5.0 3 5.0
IND_15 2 5.0 5 5.0 1 5.0 4 5.0 3 200.0
IND_16 4 200.0 5 5.0 1 5.0 3 5.0 2 5.0
IND_17 2 5.0 5 200.0 1 5.0 3 5.0 4 5.0
IND_18 5 30.0 1 30.0 4 30.0 2 30.0 3 30.0
