NODE_01 2 50.0 4 45.0 3 40.0 1 60.0 5 55.0
NODE_02 4 40.0 5 30.0 2 35.0 1 42.0 3 38.0
NODE_03 3 85.0 5 82.0 1 80.0 4 90.0 2 75.0
IND_08 4 10.0 2 10.0 3 10.0 5 10.0 1 170.0
IND_09 4 10.0 5 10.0 2 170.0 1 10.0 3 10.0
IND_10 2 10.0 1 10.0 3 170.0 4 10.0 5 10.0
IND_11 5 10.0 4 170.0 1 10.0 2 10.0 3 10.0
IND_12 1 10.0 3 10.0 5 170.0 4 10.0 2 10.0
IND_13 1 200.0 3 5.0 4 5.0 2 5.0 5 5.0
IND_14 2 200.0 5 5.0 4 5.0 1 5.0 3 5.0
HEAVY_11 1 102.0 5 102.0 3 102.0 4 102.0 2 102.0
HEAVY_12 1 103.0 3 103.0 5 103.0 4 103.0 2 103.0
HEAVY_13 2 104.0 1 104.0 3 104.0 4 104.0 5 104.0
