HEAVY_01 2 110.0 1 110.0 4 110.0 5 110.0 3 110.0
HEAVY_02 1 120.0 4 120.0 5 120.0 2 120.0 3 120.0
HEAVY_03 3 105.0 1 105.0 2 105.0 4 105.0 5 105.0
HEAVY_04 1 101.0 3 101.0 5 101.0 4 101.0 2 101.0
HEAVY_05 1 200.0 5 50.0 2 100.0 3 100.0 4 100.0
HEAVY_06 4 80.0 5 80.0 2 80.0 1 80.0 3 80.0
HEAVY_07 5 150.0 3 150.0 1 150.0 4 150.0 2 150.0
HEAVY_08 5 110.0 1 110.0 2 90.0 3 110.0 4 90.0
HEAVY_09 3 130.0 5 130.0 2 130.0 4 130.0 1 130.0
HEAVY_10 3 140.0 4 140.0 2 140.0 5 140.0 1 140.0
HEAVY_11 1 102.0 5 102.0 3 102.0 4 102.0 2 102.0
HEAVY_12 1 103.0 3 103.0 5 103.0 4 103.0 2 103.0
HEAVY_13 2 104.0 1 104.0 3 104.0 4 104.0 5 104.0
HEAVY_14 3 115.0 1 115.0 5 115.0 2 115.0 4 115.0
HEAVY_15 3 125.0 5 125.0 2 125.0 4 125.0 1 125.0
HEAVY_16 3 135.0 1 135.0 4 135.0 5 135.0 2 135.0
HEAVY_17 2 145.0 5 145.0 3 145.0 1 145.0 4 145.0
HEAVY_18 3 90.0 1 90.0 2 90.0 4 90.0 5 90.0
